10 12
1.5 3.2 3.0 4.0 5.0 6.0 7.0 8.0 9.0 10.0 11.0 12.0  
4.0 6.0 7.4 8.2 5.0 6.0 7.0 8.0 9.0 10.0 11.0 12.0
9.0 4.9 9.0 8.0 5.0 6.0 7.0 8.0 9.0 10.0 11.0 12.0
2.9 4.7 5.0 7.0 5.0 6.0 7.0 8.0 9.0 10.0 11.0 12.0
1.7 8.0 2.5 5.6 5.0 6.0 7.0 8.0 9.0 10.0 11.0 12.0
1.5 3.2 3.0 4.0 5.0 6.0 7.0 8.0 9.0 10.0 11.0 12.0
5.0 6.0 7.4 8.2 5.0 6.0 7.0 8.0 9.0 10.0 11.0 12.0
9.0 4.9 9.0 8.0 5.0 6.0 7.0 8.0 9.0 10.0 11.0 12.0
2.9 4.7 5.0 7.0 5.0 6.0 7.0 8.0 9.0 10.0 11.0 12.0
1.7 8.0 2.5 5.6 5.0 6.0 7.0 8.0 9.0 10.0 11.0 12.0 
